28	317	2
28	404	2
28	729	1
28	770	1
28	855	1
28	887	2
28	2286	1
31	151	1
31	317	3
31	912	1
31	1296	2
31	1425	1
31	1517	2
31	1982	1
31	2482	1
31	2644	1
31	2708	1
45	202	1
45	317	2
45	569	1
45	1296	1
45	1505	1
45	1521	1
45	1779	1
45	2263	1
45	2507	1
45	2528	1
49	107	1
49	286	1
49	317	4
49	1425	2
49	1521	1
49	1525	1
76	317	3
76	1041	1
76	1117	1
76	1252	1
76	1296	1
76	1457	1
76	1521	1
76	1779	1
76	1957	1
76	2263	1
107	271	1
107	317	1
107	779	1
107	1179	1
107	1296	2
107	1425	1
107	2591	1
130	307	1
130	317	3
130	404	1
130	770	2
130	1179	1
130	1229	2
130	1240	1
130	1296	1
130	1505	1
130	1521	1
130	2158	1
131	770	1
131	977	1
131	1229	1
131	2242	3
151	307	1
151	317	5
151	729	1
151	912	1
151	977	1
151	1296	1
151	1505	2
151	2644	1
151	2708	2
181	317	4
181	455	2
181	1296	1
181	1581	1
181	1738	1
181	1781	1
181	2263	1
181	2482	1
181	2528	1
181	2644	2
202	317	2
202	352	1
202	1277	1
202	1296	1
202	1581	2
240	257	2
240	317	3
240	1505	1
240	1521	2
240	1680	1
240	1779	1
240	2115	1
240	2528	1
257	269	4
257	289	1
257	317	8
257	352	1
257	713	1
257	1277	1
257	1406	1
257	1521	2
257	1581	1
257	1680	1
257	1738	1
269	317	7
269	352	1
269	1042	1
269	1406	1
269	1505	1
269	1680	1
269	1738	1
269	2141	1
269	2457	1
269	2644	1
271	317	4
271	404	1
271	1296	1
271	2141	1
277	317	1
277	1179	2
277	1296	1
277	1680	1
277	1957	1
277	1982	1
277	2115	1
277	2591	1
286	317	15
286	713	2
286	729	9
286	912	1
286	1041	1
286	1296	1
286	1521	2
286	1680	2
286	2366	1
286	2534	1
286	2644	1
289	317	5
289	713	1
289	887	1
289	1240	2
289	1296	2
289	1337	1
289	1505	1
289	1525	1
289	2141	1
289	2708	1
307	317	5
307	977	1
307	1041	1
307	1296	1
307	2644	2
307	2708	1
317	352	4
317	404	5
317	425	2
317	449	2
317	455	2
317	569	4
317	584	1
317	612	2
317	713	8
317	729	23
317	770	1
317	779	4
317	855	10
317	887	4
317	912	2
317	977	8
317	1041	6
317	1042	1
317	1062	2
317	1095	1
317	1117	8
317	1139	3
317	1179	3
317	1240	6
317	1252	1
317	1277	10
317	1296	18
317	1337	5
317	1392	3
317	1406	3
317	1425	9
317	1457	4
317	1469	1
317	1472	1
317	1505	16
317	1515	1
317	1517	2
317	1521	20
317	1525	11
317	1581	7
317	1658	2
317	1680	19
317	1722	2
317	1738	2
317	1779	2
317	1781	1
317	1957	2
317	1968	3
317	1982	1
317	2115	1
317	2141	7
317	2158	3
317	2242	2
317	2286	3
317	2366	5
317	2377	2
317	2385	2
317	2389	3
317	2427	2
317	2457	4
317	2482	3
317	2496	2
317	2507	4
317	2511	3
317	2528	4
317	2534	2
317	2591	7
317	2644	18
317	2669	2
317	2677	2
317	2708	6
352	569	1
352	1095	1
352	1738	1
352	2141	1
352	2507	1
352	2511	1
404	729	1
404	779	1
404	818	1
404	887	2
404	977	1
404	1117	1
404	1179	1
404	1296	2
404	1406	1
404	1457	1
404	1658	1
404	1982	1
404	2115	1
404	2261	1
404	2286	1
404	2427	1
404	2677	1
425	779	1
425	887	2
425	1117	1
425	1277	2
425	1296	1
425	1457	1
425	1680	1
425	2286	1
425	2528	1
449	729	2
449	1042	2
449	1425	1
449	1521	2
449	1525	1
449	2141	2
449	2377	1
449	2389	1
455	1286	1
455	1296	2
455	1337	1
455	1517	1
455	1581	2
455	1658	1
455	2242	1
455	2263	1
455	2507	1
455	2528	1
455	2644	1
468	612	1
468	1041	1
468	1229	1
468	1521	1
468	1680	1
468	2081	1
468	2261	1
468	2320	1
569	584	1
569	887	1
569	1680	1
584	713	1
584	887	1
584	1296	1
584	1505	1
584	1515	1
584	1680	1
584	2669	1
612	729	1
612	977	1
612	1041	1
612	1139	1
612	1469	1
612	1525	1
612	1680	1
612	2081	1
612	2158	1
612	2261	1
612	2263	1
612	2320	2
713	729	1
713	912	1
713	1425	1
713	1505	1
713	1515	1
713	1957	1
713	2389	2
713	2644	1
713	2669	1
729	770	1
729	855	1
729	912	2
729	977	1
729	1041	2
729	1042	3
729	1117	2
729	1139	1
729	1252	1
729	1296	1
729	1337	1
729	1457	1
729	1515	1
729	1521	5
729	1680	4
729	1781	2
729	2081	1
729	2115	1
729	2141	4
729	2286	1
729	2320	1
729	2366	1
729	2385	3
729	2427	2
729	2496	1
729	2511	1
729	2528	1
729	2591	1
729	2644	1
770	855	1
770	1337	1
770	1505	1
770	1722	1
770	2242	1
770	2286	1
779	855	1
779	1722	1
779	2427	1
779	2528	1
818	1095	2
818	1296	1
818	1392	1
818	2081	1
855	1252	1
855	1392	1
855	1525	2
855	2286	1
887	1117	1
887	1277	3
887	1296	3
887	1457	1
887	1505	1
887	1525	1
887	2115	1
887	2286	1
912	1521	2
912	1525	2
912	2511	1
977	1041	1
977	1229	1
977	1296	3
977	1469	1
977	1505	2
977	1515	1
977	1517	2
977	1521	2
977	1525	2
977	2242	1
977	2457	1
977	2511	1
977	2644	1
1041	1240	1
1041	1337	1
1041	1505	1
1041	1581	1
1041	1658	1
1041	1680	2
1041	1738	1
1041	2261	1
1041	2320	1
1042	1505	1
1042	1521	3
1042	1658	1
1042	2115	1
1042	2141	3
1062	1337	1
1062	2482	1
1062	2534	3
1095	1139	1
1095	1179	1
1095	1296	1
1095	1392	1
1095	1457	1
1095	2158	1
1095	2528	1
1117	1296	3
1117	1337	1
1117	1457	1
1117	1505	2
1117	1521	3
1117	1525	1
1117	1680	1
1117	1738	1
1117	1968	1
1117	2496	1
1117	2591	1
1117	2708	1
1139	1240	2
1139	1296	1
1139	1738	1
1139	2528	1
1139	2591	1
1179	1296	3
1179	1457	1
1179	2115	1
1179	2591	1
1229	1240	1
1229	1505	1
1229	1658	1
1229	2081	1
1229	2320	1
1240	1286	1
1240	1296	3
1240	1337	2
1240	1505	3
1240	1658	2
1240	1957	1
1240	2141	1
1252	1392	1
1252	1457	1
1252	1779	1
1252	2263	2
1277	1286	1
1277	1296	6
1277	1425	1
1277	1457	2
1277	1581	1
1277	1658	1
1277	1680	1
1277	1957	1
1277	2115	1
1277	2286	1
1277	2366	1
1277	2377	3
1277	2389	1
1277	2457	2
1277	2482	2
1277	2507	1
1277	2644	2
1286	2115	1
1286	2242	1
1286	2507	3
1296	1337	2
1296	1406	1
1296	1457	7
1296	1469	1
1296	1505	2
1296	1517	1
1296	1521	3
1296	1525	2
1296	1658	1
1296	1680	6
1296	1722	1
1296	1738	2
1296	1779	1
1296	1982	5
1296	2115	2
1296	2141	1
1296	2286	2
1296	2377	2
1296	2482	3
1296	2591	4
1296	2644	1
1296	2669	1
1337	1505	1
1337	1658	1
1337	1722	1
1337	2115	1
1337	2141	1
1337	2457	1
1337	2591	2
1406	1457	2
1425	1505	1
1425	2366	1
1425	2389	1
1425	2457	1
1425	2482	1
1425	2644	3
1425	2669	1
1425	2708	1
1457	1525	1
1457	1680	1
1457	1738	1
1457	1779	1
1457	2263	1
1457	2286	1
1457	2377	1
1457	2496	1
1457	2591	2
1469	1525	1
1469	1680	1
1472	1505	1
1472	1517	1
1472	1521	2
1472	1525	1
1472	2141	1
1472	2242	1
1472	2708	1
1505	1515	1
1505	1517	1
1505	1521	4
1505	1525	2
1505	1581	1
1505	1680	1
1505	1722	1
1505	1968	1
1505	2115	1
1505	2242	1
1505	2457	1
1505	2644	2
1505	2669	1
1515	1521	1
1515	2507	1
1515	2644	1
1515	2669	1
1517	1581	1
1517	2528	1
1517	2708	1
1521	1525	4
1521	1581	3
1521	1680	2
1521	1722	2
1521	1781	1
1521	2081	1
1521	2115	1
1521	2141	3
1521	2385	1
1521	2496	1
1521	2507	2
1521	2528	1
1521	2644	3
1521	2669	2
1521	2677	1
1521	2708	1
1525	1680	1
1525	1738	1
1525	2389	1
1525	2591	1
1581	1658	1
1581	2263	1
1581	2528	1
1658	1680	1
1658	2242	1
1658	2496	1
1680	1738	1
1680	1968	1
1680	2081	1
1680	2115	2
1680	2141	1
1680	2261	1
1680	2320	2
1680	2377	1
1680	2482	1
1680	2496	3
1680	2591	3
1680	2644	2
1680	2669	1
1738	2320	1
1738	2496	1
1738	2528	1
1738	2591	2
1779	2242	1
1779	2263	1
1779	2528	3
1957	2389	1
1957	2457	1
1968	2242	1
1982	2115	2
1982	2644	1
2081	2320	4
2081	2677	1
2115	2141	1
2115	2286	1
2115	2507	1
2115	2534	1
2115	2591	1
2141	2427	1
2141	2457	2
2141	2644	1
2242	2507	1
2242	2511	1
2263	2320	1
2263	2528	1
2286	2377	1
2366	2644	2
2366	2677	1
2377	2427	1
2377	2482	1
2389	2457	1
2389	2644	1
2427	2591	1
2457	2644	1
2482	2534	1
2482	2708	1
2496	2708	1
2507	2644	1
2644	2708	1
