id	label	x	y	cluster	weight<Links>	weight<Total link strength>	weight<Occurrences>	score<Avg. pub. year>	score<Avg. citations>	score<Avg. norm. citations>
27	adoption	-0.8858	-0.4329	4	7	10	5	2014.8	6	0.3506
30	agency theory	0.704	0.4086	6	10	14	7	2016.5714	11.1429	0.5464
44	alignment	-0.1936	0.006	2	10	11	8	2012.75	25.625	2.9721
48	ambidexterity	1.3737	-0.0112	3	5	9	5	2016.4	41.6	2.8231
74	artificial intelligence	-0.5943	-0.1353	2	10	12	6	2024	15.6667	2.6175
125	big data	-0.5815	0.3163	1	10	14	11	2017.4545	43.5455	2.5391
126	big data analytics	-0.5238	0.6341	1	4	6	5	2019.2	323.6	9.5699
146	board of directors	0.6619	0.8241	6	10	16	6	2021.8333	36.5	2.1956
173	business intelligence	0.0999	0.5725	2	10	15	11	2012.4545	14.0909	0.7263
194	business strategy	0.0037	0.0373	2	6	8	8	2014.125	25.375	0.6777
225	case study	-0.3458	-0.3494	7	8	12	6	2012.3333	7.3333	0.4406
240	ceo	-0.0622	-0.681	7	11	23	8	2016.25	9.125	0.7753
252	cfo	0.1236	-0.8017	7	11	20	7	2016.7143	7.1429	0.2906
254	challenges	-0.2739	-1.2021	8	4	7	6	2017.8333	8.5	0.5717
260	change management	0.0052	-0.5698	5	8	9	6	2014.3333	3	0.1206
269	chief digital officer	1.1862	0.1479	3	12	37	16	2019.625	38.6875	2.4584
289	chief marketing officer	0.138	0.9094	6	8	13	5	2018.8	18.8	1.0955
298	cio	0.1483	-0.0677	3	82	396	296	2014.6791	21.2466	1.1331
333	cio role	0.2426	-0.0575	2	9	12	11	2015	25.8182	1.1637
377	cloud computing	-0.6224	-0.4293	4	19	26	25	2017.4	12.24	0.7853
396	collaboration	-0.6915	-0.6737	4	10	13	6	2012.1667	25.1667	2.0291
419	competencies	0.6144	-0.7633	8	9	14	6	2016	18.6667	0.912
424	competitive advantage	-0.0783	0.4962	2	13	17	8	2011.125	115.25	2.6672
437	compliance	-0.9259	0.615	1	7	7	6	2020.5	3.1667	0.3172
525	critical success factors	0.2113	-0.22	2	6	9	7	2011.8571	24.5714	1.2298
539	culture	0.5269	-0.2498	3	9	9	5	2012.4	5.6	0.3846
567	cybersecurity	-0.831	0.6681	1	11	13	9	2020.6667	10.5556	0.7018
660	digital innovation	0.825	-0.34	3	13	22	9	2022.3333	41.7778	3.1617
676	digital transformation	0.439	0.1466	8	34	82	43	2022.1395	8.8605	0.8002
715	dynamic capabilities	-0.7456	0.1005	1	11	12	6	2018.1667	141.3333	4.5994
724	e-government	-0.846	-0.6102	4	7	10	15	2013.4	7.7333	0.5044
788	enterprise architecture	-1.0015	-0.2875	4	8	18	16	2012.875	16.125	1.0215
819	erp	-0.4196	-0.5502	4	14	24	11	2013.9091	6.8182	0.3932
842	event study	0.786	0.5125	6	9	13	7	2017	55.8571	0.8914
905	firm performance	-0.0813	0.6943	1	20	33	18	2016.8889	30.5556	2.0402
967	governance	-0.6262	0.5003	1	17	24	11	2015.4545	10.8182	0.7266
968	government	0.4363	-0.6791	8	9	16	6	2017.6667	4.5	0.3762
986	green it	0.9992	-0.0951	5	4	7	8	2011.625	30.625	1.5734
1020	higher education	-0.4654	0.144	7	18	31	18	2017.4444	5.6111	0.5174
1071	implementation	-0.1997	-0.5032	5	7	10	5	2016	8.4	0.6494
1119	information governance	-0.6759	0.5843	1	8	9	5	2017.2	55.8	2.6232
1129	information management	-0.2369	0.2466	1	11	19	12	2007.8333	28.3333	1.5276
1139	information security	-0.8475	-0.0297	2	7	8	6	2018.3333	11.6667	0.8487
1161	information systems	0.1476	-0.4603	4	22	45	25	2009.76	32.36	1.5191
1170	information systems planning	0.0565	0.3792	2	6	8	7	2005.4286	92.1429	2.3264
1179	information technology	-0.1046	-0.2361	5	45	103	60	2012.75	15.45	0.9154
1218	innovation	-0.0809	-0.1271	5	16	22	14	2011.2143	20.6429	0.9783
1283	iot	-0.3733	-0.966	7	6	9	5	2020.2	1.6	0.0771
1301	is leadership	1.1237	-0.2231	3	14	25	9	2013.7778	73.1111	3.3902
1333	it	-0.5276	-0.4415	7	20	30	9	2018.2222	10.6667	0.7646
1345	it business value	-0.6051	0.8494	1	6	6	6	2017.1667	11.5	1.0284
1348	it capabilities	0.2598	0.672	6	8	9	9	2018.1111	12	1.0665
1379	it governance	0.0258	0.1987	1	33	58	38	2015.9737	18	1.0659
1389	it innovation	0.6484	-0.0341	3	10	10	5	2017.4	41	2.5749
1391	it investment	0.3243	0.6133	6	10	13	9	2016.1111	10.8889	0.5557
1395	it leadership	0.3059	0.1324	8	33	83	56	2016.9107	18.875	0.8131
1399	it management	0.1394	0.2245	6	19	37	21	2010.9524	29.381	0.8925
1451	it strategy	-0.1161	0.3117	2	13	22	12	2016.1667	10	0.8311
1526	knowledge management	-0.3519	0.346	1	14	16	13	2012.6154	4.3846	0.402
1548	leadership	-0.3288	0.1759	1	34	67	41	2014.4878	16.1951	1.5147
1590	local government	-0.7779	-0.2708	4	7	9	5	2018.8	10.6	0.5281
1605	management	-0.3379	0.0435	7	15	17	6	2012.8333	7	0.4123
1645	maturity	-0.6419	-0.0231	2	10	13	6	2012.3333	17.1667	1.5038
1647	maturity model	0.3806	0.8775	2	4	5	6	2015	7.8333	0.7147
1806	organizational culture	0.2527	-0.4978	3	8	9	8	2015	14.625	1.1187
1816	organizational performance	-0.3896	0.8986	1	5	7	6	2018	23	1.3057
1826	outsourcing	0.2904	-0.3594	5	7	12	14	2014	14.3571	0.8201
1944	project management	0.0868	-0.3456	5	21	24	15	2011.1333	16.4	1.1383
1969	public sector	0.2822	-0.6586	8	17	32	12	2016.9167	4.8333	0.4845
2060	resource-based view	-0.2847	0.6273	1	13	16	9	2015.7778	194.5556	6.1257
2078	risk assessment	-0.972	0.5081	1	5	5	5	2018.2	3	0.4002
2080	risk management	-0.668	0.1989	2	11	12	5	2016.2	9.4	0.6552
2101	roles	-0.6911	-0.5702	4	13	16	6	2014.5	13	0.9928
2135	security	-0.8343	0.5383	1	7	9	8	2016.75	9.75	0.6683
2178	shared understanding	1.4214	-0.2087	3	6	11	5	2011.8	93.4	4.6962
2189	skills	-0.0338	-0.8311	4	9	13	6	2012.1667	10.8333	1.3556
2197	smes	1.2108	0.6289	8	3	6	7	2019.2857	6.5714	0.409
2201	social capital	0.7546	-0.5792	3	9	12	5	2016.4	94.2	6.8797
2237	south africa	-0.4414	-0.8301	4	7	9	6	2019.6667	10.6667	1.4196
2264	strategic alignment	0.5412	-0.5555	3	11	16	8	2016.875	35.625	1.5779
2289	strategic management	0.785	-0.0126	5	11	16	5	2009.8	11.8	1.0933
2303	strategy	-0.2528	0.4668	7	9	12	8	2014.375	12.625	1.1034
2314	structural equation modeling	0.2065	0.303	2	11	17	8	2007.875	138.625	4.637
2318	structural power	0.4157	0.4958	6	6	8	5	2021.6	12.6	0.7174
2335	survey	-0.469	-0.0305	2	14	19	11	2012.4545	12.9091	0.8737
2341	sustainability	1.0594	-0.0987	5	5	8	6	2013.8333	16.6667	0.6154
2397	technology	-0.2808	-0.6072	5	13	23	10	2015.6	34.9	2.0803
2445	top management team	0.7656	0.181	3	25	52	20	2015.55	89.45	2.9562
2468	transformational leadership	0.779	-0.208	3	9	11	6	2016	8.8333	0.6185
2505	upper echelons theory	0.5303	0.6794	6	12	18	7	2021.5714	30.8571	1.6786
