27	298	2
27	377	2
27	676	1
27	715	1
27	788	1
27	819	2
27	2101	1
30	146	1
30	298	3
30	842	1
30	1179	2
30	1301	1
30	1391	2
30	1826	1
30	2289	1
30	2445	1
30	2505	1
44	194	1
44	298	2
44	525	1
44	1179	1
44	1379	1
44	1395	1
44	1645	1
44	2080	1
44	2314	1
44	2335	1
48	269	1
48	298	4
48	1301	2
48	1395	1
48	1399	1
74	298	3
74	967	1
74	1020	1
74	1139	1
74	1179	1
74	1333	1
74	1395	1
74	1645	1
74	1806	1
74	2080	1
125	289	1
125	298	3
125	377	1
125	715	2
125	1071	1
125	1119	2
125	1129	1
125	1179	1
125	1379	1
125	1395	1
126	715	1
126	905	1
126	1119	1
126	2060	3
146	289	1
146	298	5
146	676	1
146	842	1
146	905	1
146	1179	1
146	1379	2
146	2445	1
146	2505	2
173	298	4
173	424	2
173	1179	1
173	1451	1
173	1605	1
173	1647	1
173	2080	1
173	2289	1
173	2335	1
173	2445	2
194	298	2
194	333	1
194	1161	1
194	1179	1
194	1451	2
225	240	2
225	298	3
225	1379	1
225	1395	2
225	1548	1
225	1645	1
225	1944	1
225	2335	1
240	252	4
240	298	8
240	333	1
240	660	1
240	1161	1
240	1283	1
240	1395	2
240	1451	1
240	1548	1
240	1605	1
252	298	7
252	333	1
252	968	1
252	1283	1
252	1379	1
252	1548	1
252	1605	1
252	1969	1
252	2264	1
252	2445	1
254	298	4
254	377	1
254	1179	1
254	1969	1
260	298	1
260	1071	2
260	1179	1
260	1548	1
260	1806	1
260	1826	1
260	1944	1
260	2397	1
269	298	15
269	660	2
269	676	9
269	842	1
269	967	1
269	1179	1
269	1395	2
269	1548	2
269	2178	1
269	2341	1
269	2445	1
289	298	5
289	905	1
289	967	1
289	1179	1
289	2445	2
289	2505	1
298	333	4
298	377	5
298	396	2
298	419	2
298	424	2
298	525	4
298	539	1
298	567	2
298	660	8
298	676	22
298	715	1
298	724	4
298	788	10
298	819	4
298	842	2
298	905	8
298	967	6
298	968	1
298	986	2
298	1020	8
298	1071	2
298	1129	5
298	1139	1
298	1161	10
298	1179	16
298	1218	5
298	1283	3
298	1301	9
298	1333	3
298	1345	1
298	1348	1
298	1379	16
298	1389	1
298	1391	2
298	1395	20
298	1399	11
298	1451	7
298	1526	2
298	1548	18
298	1590	2
298	1605	2
298	1645	2
298	1647	1
298	1806	2
298	1816	3
298	1826	1
298	1944	1
298	1969	7
298	2060	2
298	2101	3
298	2178	5
298	2189	2
298	2197	2
298	2201	3
298	2237	2
298	2264	4
298	2289	3
298	2303	2
298	2314	4
298	2318	3
298	2335	4
298	2341	2
298	2397	6
298	2445	18
298	2468	2
298	2505	6
333	525	1
333	1605	1
333	1969	1
333	2314	1
333	2318	1
377	676	1
377	724	1
377	819	2
377	905	1
377	1020	1
377	1071	1
377	1179	2
377	1283	1
377	1333	1
377	1526	1
377	1826	1
377	1944	1
377	2078	1
377	2101	1
377	2237	1
396	724	1
396	819	2
396	1020	1
396	1161	2
396	1179	1
396	1333	1
396	1548	1
396	2101	1
396	2335	1
419	676	2
419	968	2
419	1301	1
419	1395	2
419	1399	1
419	1969	2
419	2189	1
419	2201	1
424	1170	1
424	1179	2
424	1218	1
424	1391	1
424	1451	2
424	1526	1
424	2060	1
424	2080	1
424	2314	1
424	2335	1
424	2445	1
437	567	1
437	967	1
437	1119	1
437	1395	1
437	1548	1
437	2078	1
437	2135	1
525	539	1
525	819	1
525	1548	1
539	660	1
539	819	1
539	1179	1
539	1379	1
539	1389	1
539	1548	1
539	2468	1
567	676	1
567	905	1
567	967	1
567	1345	1
567	1399	1
567	1548	1
567	2078	1
567	2080	1
567	2135	2
660	676	1
660	842	1
660	1301	1
660	1379	1
660	1389	1
660	1806	1
660	2201	2
660	2445	1
660	2468	1
676	715	1
676	788	1
676	842	2
676	905	1
676	967	2
676	968	3
676	1020	2
676	1139	1
676	1179	1
676	1218	1
676	1333	1
676	1389	1
676	1395	5
676	1548	3
676	1647	2
676	1944	1
676	1969	4
676	2101	1
676	2178	1
676	2197	3
676	2237	2
676	2303	1
676	2318	1
676	2335	1
676	2397	1
676	2445	1
715	788	1
715	1218	1
715	1379	1
715	1590	1
715	2060	1
715	2101	1
724	788	1
724	1590	1
724	2237	1
724	2335	1
788	1139	1
788	1399	2
788	2101	1
819	1020	1
819	1161	3
819	1179	3
819	1333	1
819	1379	1
819	1399	1
819	1944	1
819	2101	1
842	1395	2
842	1399	2
842	2318	1
905	967	1
905	1119	1
905	1179	3
905	1345	1
905	1379	2
905	1389	1
905	1391	2
905	1395	2
905	1399	2
905	2060	1
905	2264	1
905	2318	1
905	2445	1
967	1129	1
967	1218	1
967	1379	1
967	1451	1
967	1526	1
967	1548	2
967	1605	1
967	2078	1
967	2135	1
968	1379	1
968	1395	3
968	1526	1
968	1944	1
968	1969	3
986	1218	1
986	2289	1
986	2341	3
1020	1179	3
1020	1218	1
1020	1333	1
1020	1379	2
1020	1395	3
1020	1399	1
1020	1548	1
1020	1605	1
1020	1816	1
1020	2303	1
1020	2397	1
1020	2505	1
1071	1179	2
1071	1944	1
1071	2397	1
1119	1129	1
1119	1379	1
1119	1526	1
1119	2135	1
1129	1170	1
1129	1179	2
1129	1218	1
1129	1379	3
1129	1526	2
1129	1806	1
1129	1969	1
1139	1333	1
1139	1645	1
1139	2080	2
1161	1170	1
1161	1179	6
1161	1301	1
1161	1333	2
1161	1451	1
1161	1526	1
1161	1548	1
1161	1806	1
1161	1944	1
1161	2101	1
1161	2178	1
1161	2189	3
1161	2201	1
1161	2264	2
1161	2289	2
1161	2314	1
1161	2445	2
1170	1944	1
1170	2060	1
1170	2314	3
1179	1218	2
1179	1283	1
1179	1333	6
1179	1345	1
1179	1379	2
1179	1391	1
1179	1395	3
1179	1399	2
1179	1526	1
1179	1548	6
1179	1590	1
1179	1605	2
1179	1645	1
1179	1826	5
1179	1944	2
1179	1969	1
1179	2101	2
1179	2189	2
1179	2289	3
1179	2397	3
1179	2445	1
1179	2468	1
1218	1379	1
1218	1526	1
1218	1590	1
1218	1944	1
1218	1969	1
1218	2264	1
1218	2397	2
1283	1333	2
1301	1379	1
1301	2178	1
1301	2201	1
1301	2264	1
1301	2289	1
1301	2445	3
1301	2468	1
1301	2505	1
1333	1399	1
1333	1548	1
1333	1605	1
1333	1645	1
1333	2080	1
1333	2101	1
1333	2189	1
1333	2303	1
1333	2397	2
1345	1399	1
1345	1548	1
1348	1379	1
1348	1391	1
1348	1395	2
1348	1399	1
1348	1969	1
1348	2060	1
1348	2505	1
1379	1389	1
1379	1391	1
1379	1395	3
1379	1399	2
1379	1451	1
1379	1548	1
1379	1590	1
1379	1816	1
1379	1944	1
1379	2060	1
1379	2264	1
1379	2445	2
1379	2468	1
1389	1395	1
1389	2314	1
1389	2445	1
1389	2468	1
1391	1451	1
1391	2335	1
1391	2505	1
1395	1399	4
1395	1451	2
1395	1548	2
1395	1590	2
1395	1647	1
1395	1944	1
1395	1969	3
1395	2197	1
1395	2303	1
1395	2314	2
1395	2335	1
1395	2445	3
1395	2468	2
1395	2505	1
1399	1548	1
1399	1605	1
1399	2201	1
1399	2397	1
1451	1526	1
1451	2080	1
1451	2335	1
1526	1548	1
1526	2060	1
1526	2303	1
1548	1605	1
1548	1816	1
1548	1944	2
1548	1969	1
1548	2078	1
1548	2135	2
1548	2189	1
1548	2289	1
1548	2303	3
1548	2397	2
1548	2445	2
1548	2468	1
1605	2135	1
1605	2303	1
1605	2335	1
1605	2397	1
1645	2060	1
1645	2080	1
1645	2335	3
1806	2201	1
1806	2264	1
1816	2060	1
1826	1944	2
1826	2445	1
1944	1969	1
1944	2101	1
1944	2314	1
1944	2341	1
1944	2397	1
1969	2237	1
1969	2264	2
1969	2445	1
2060	2314	1
2060	2318	1
2080	2135	1
2080	2335	1
2101	2189	1
2178	2445	2
2189	2237	1
2189	2289	1
2201	2264	1
2201	2445	1
2237	2397	1
2264	2445	1
2289	2341	1
2289	2505	1
2303	2505	1
2314	2445	1
2445	2505	1
